!Team!!Titles!!Runners-up!!Thirdplace!!Fourthplace!!Top4finishes
|-
BRA
|1958,1962,1970,1994,2002
|1950,1998
|1938,1978
|1974,2014
|11
|-
GER
|1954,1974,1990,2014
|1966,1982,1986,2002
|1934,1970,2006,2010
|1958
|13
|-
ITA
|1934,1938,1982,2006
|1970,1994
|1990
|1978
|8
|-
ARG
|1978,1986
|1930,1990,2014
|0
|0
|5
|-
FRA
|1998,2018
|2006
|1958,1986
|1982
|6
|-
URU
|1930,1950
|0
|0
|1954,1970,2010
|5
|-
ENG
|1966
|0
|0
|1990,2018
|3
|-
ESP
|2010
|0
|0
|1950
|2
|-
NED
|0
|1974,1978,2010
|2014
|1998
|5
|-
HUN
|0
|1938,1954
|0
|0
|2
|-
TCH
|0
|1934,1962
|0
|0
|2
|-
SWE
|0
|1958
|1950,1994
|1938
|4
|-
CRO
|0
|2018
|1998
|0
|2
|-
POL
|0
|0
|1974,1982
|0
|2
|-
AUT
|0
|0
|1954
|1934
|2
|-
POR
|0
|0
|1966
|2006
|2
|-
BEL
|0
|0
|2018
|1986
|2
|-
USA
|0
|0
|1930
|0
|1
|-
CHI
|0
|0
|1962
|0
|1
|-
TUR
|0
|0
|2002
|0
|1
|-
YUG
|0
|0
|0
|1930,1962
|2
|-
URS
|0
|0
|0
|1966
|1
|-
BUL
|0
|0
|0
|1994
|1
|-
KOR
|0
|0
|0
|2002
|1
|-
